# Solutions to the electrostatic gyrokinetic dispersion relation in a slab
# Scanning in k_y and tracking the most unstable mode
# The scan will be perofmed holding the following values fixed:
# k_|| = 1
# k_x = 0
# k_y	omega	gamma

0.25	1.77657	-0.253612
0.5	2.10833	-0.0959841
0.75	2.25449	-0.0326025
1	2.23225	-0.002879
1.25	2.12512	0.00486433
1.5	1.99952	-0.00195939
1.75	1.88831	-0.0144396
2	1.80096	-0.0258443
2.5	1.68624	-0.0362964
3	1.61676	-0.0335795
3.5	1.56672	-0.0246825
4	1.52577	-0.0131921
4.5	1.48972	-0.000665266
5	1.45657	0.0121151
5.5	1.42525	0.0246979
6	1.39515	0.0368023
6.5	1.36589	0.0482464
7	1.33727	0.0589108
7.5	1.30915	0.0687187
8	1.28147	0.0776233
8.5	1.25419	0.0856004
9	1.22731	0.0926429
9.5	1.20083	0.0987571
10	1.17476	0.10396
10.5	1.14912	0.108275
11	1.12394	0.111733
11.5	1.09922	0.114371
12	1.07501	0.116227
12.5	1.0513	0.117342
13	1.02812	0.11776
13.5	1.00549	0.117523
14	0.983402	0.116676
15	0.940918	0.113322
16	0.900702	0.108035
17	0.862747	0.101129
18	0.827017	0.092891
19	0.793449	0.0835803
20	0.761967	0.0734259
21	0.732477	0.0626283
22	0.704881	0.051361
23	0.679077	0.0397728
24	0.65496	0.0279906
25	0.632428	0.0161212



# Scanning in k_y and tracking the most unstable mode
# The scan will be perofmed holding the following values fixed:
# k_|| = 2
# k_x = 0
# k_y	omega	gamma

0.25	1.5678	-0.424702
0.5	1.65746	-0.312252
0.75	1.67031	-0.269124
1	1.61885	-0.268984
1.25	1.53821	-0.292383
1.5	1.45564	-0.324957
1.75	1.38469	-0.356832
2	1.32888	-0.382943
2.5	1.25437	-0.415486
3	1.20885	-0.430665
3.5	1.17699	-0.437648
4	1.15224	-0.440611
4.5	1.13176	-0.441331
5	1.11406	-0.440685
5.5	1.09828	-0.43917
6	1.08388	-0.437088
6.5	1.07051	-0.434636
7	1.05791	-0.431948
7.5	1.04592	-0.429117
8	1.0344	-0.426212
8.5	1.02328	-0.423282
9	1.01247	-0.420365
9.5	1.00194	-0.41749
10	0.991625	-0.41468
10.5	0.981512	-0.411951
11	0.971572	-0.409318
11.5	0.961788	-0.40679
12	0.952146	-0.404376
12.5	0.942637	-0.402082
13	0.933252	-0.399912
13.5	0.923985	-0.397869
14	0.914833	-0.395956
15	0.896862	-0.392522
16	0.879326	-0.389607
17	0.862224	-0.387203
18	0.84556	-0.385292
19	0.829339	-0.383852
20	0.813571	-0.382856
21	0.798261	-0.382277
22	0.783417	-0.382083
23	0.769045	-0.382245
24	0.755146	-0.38273
25	0.741724	-0.383508



