# Solutions to the electrostatic gyrokinetic dispersion relation in a slab
# Scanning in k_y and tracking the most unstable mode
# The scan will be performed holding the following values fixed:
# k_|| = 1
# k_x = 0
# k_y	omega	gamma

0.25	1.776573264	-0.2536117955
0.5	2.108325274	-0.0959840027
0.75	2.25449103	-0.03260247695
1	2.232247507	-0.00287899921
1.25	2.125121627	0.004864335634
1.5	1.999517258	-0.001959389679
1.75	1.888308137	-0.01443956924
2	1.800955436	-0.02584422377
2.5	1.686241264	-0.03629637363
3	1.616761701	-0.03357945917
3.5	1.566722736	-0.02468245947
4	1.525772968	-0.01319214095
4.5	1.489721629	-0.000665260452
5	1.45657219	0.01211514523
5.5	1.42525186	0.02469794039
6	1.395145479	0.03680234313
6.5	1.365889007	0.04824642045
7	1.337265636	0.05891084117
7.5	1.309148829	0.06871867284
8	1.281469007	0.07762325174
8.5	1.254193063	0.08560037019
9	1.227311255	0.09264294263
9.5	1.20082855	0.09875714617
10	1.1747588	0.1039595111
10.5	1.149120743	0.1082746386
11	1.123935266	0.111733342
11.5	1.09922352	0.1143711392
12	1.075005647	0.1162269883
12.5	1.051299952	0.1173422249
13	1.028122384	0.1177596702
13.5	1.005486249	0.1175229079
14	0.9834020988	0.1166756557
15	0.9409182447	0.1133223044
16	0.900701993	0.1080352297
17	0.8627471519	0.1011288541
18	0.8270166772	0.09289098357
19	0.7934494392	0.08358030393
20	0.761966524	0.07342592476
21	0.7324767352	0.06262829298
22	0.7048811815	0.05136095972
23	0.6790769673	0.03977282417
24	0.6549600685	0.02799058762
25	0.6324275048	0.01612123657



